# INPUT DATA:

# TEST_1:
1
3
5
10
3
2
12

# TEST_2:
2
58

# TEST_3:
20
20
15
11
13
19
17
8
5
3

# TEST_4:
57
3
85
19
48
71
40
99
68
27

# TEST_5:
29
28
29
82
83
58
19
56
19
36
6
86
52
97
5
13
26
9
97
65
94
68
80
87
46
47
66
92
70
4
100
67
37
8
58
94
7
50
56
95
29
84
44
29
86
34
8
55
66
67
27
66
31
39
23
96
96
67
6
47
38
90
88
48
56
93
83
64
84
71
83
94
95
58
88
3
57
39
12
84
43
25
87
12
17
6
87
12
5
67
95
42
17
17
57
99
49
47
8
38

# TEST_6:
43
62
69
32
78
71
43
71
81
25
54
53
48
2
61
64
51
30
40
86
54
74
91
11
33
8
11
72
62
21
59
18
65
20
58
27
61
7
54
65
45
97
60
40
63
100
90
53
81
6
37
70
43
2
32
49
98
18
10
72
51
79
59
79
33
60
85
38
83
87
36
78
22
100
7
1
51
20
64
68
42
72
38
12
56
52
63
25
35
99
4
58
10
1
38
68
60
3
30
23
93

# TEST_7:
96
53
71
38
27
92
92
75
96
28
62
96
41
19
42
75
93
67
79
46
11
85
52
68
56
34
45
92
27
83
71
18
28
20
27
94
95
1
56
55
54
47
49
65
27
45
60
50
49
57
12
55
65
79
14
58
96
37
74
96
69
10
91
73
73
37
48
81
47
27
25
10
52
8
46
81
62
11
62
23
65
26
30
27
76
96
10
84
68
87
39
85
25
94
84
62
69
51
70
87
9
95
59
77
55
38
30
84
93
27
78
54
31
45
76
22
3
78
79
1
10
80
71
59
70
49
55
69
33
58
46
2
21
6
4
43
25
59
58
3
40
88
50
41
61
87
17
67
52
88
62
12
66
65
67
31
97
54
60
49
82
47
67
12
16
99
34
88
75
37
89
36
37
79
67
3
56
69
7
4
3
40
73
85
7
71
77
8
47
27
60
82
92
77
59
91
48
51
98
58
38
64
79
64
43
25
66
26
89
100
66
95
23
86
22
96
7
76
41
79
36
56
56
22
69
26
64
79
82
22
93
45
34
58
93
7
85
28
74
73
94
54
16
43
73
1
9
77
96
51
80
47
90
39
8
99
76
85
89
11
95
57
18
45
62
73
16
97
43
64
88
2
4
17
4
48
44
100
85
43
55
67
64
80
51
37
81
77
5
59
35
97
12
68
7
79
79
85
9
51
100
57
37
37
74
42
61
81
9
8
96
1
66
90
89
4
58
71
52
53
73
89
49
1
99
56
52
18
17
78
98
49
93
22
46
77
1
28
23
61
44
79
4
7
70
19
86
58
2
68
96
39
80
84
36
89
79
52
7
19
40
48
31
44
58
24
36
65
80
90
22
28
100
80
69
7
100
100
92
6
47
95
55
75
33
90
73
73
24
45
85
12
55
20
78
4
53
16
26
99
65
22
73
20
60
56
45
52
97
83
5
35
34
100
93
17
37
7
17
3
21
43
36
78
52
86
39
36
61
29
31
56
27
36
55
80
92
44
54
38
36
17
80
8
66
36
81
55
24
62
20
77
89
51
97
99
60
45
89
19
100
17
43
81
62
58
38
74
58
17
29
41
27
60
32
27
31
46
74
26
7
83
26
14
48
97
3
96
59
17
63
34
73
86
52
10
26
46
40
3
50
61
86
16
63
12
24
93
7
31
20
78
81
72
70
73
31
17
47
26
96
57
13
3
67
74
5
26
36
59
35
99
44
51
13
48
99
19
54
37
52
74
71
96
22
35
90
13
82
39
71
75
17
75
12
27
78
63
90
79
28
27
38
83
17
49
60
55
12
1
42
87
26
41
90
67
20
52
8
20
58
68
45
19
79
25
5
68
83
81
9
42
35
9
93
15
56
24
98
96
80
21
36
97
27
99
1
8
80
45
10
99
97
78
19
76
18
58
65
19
55
65
97
39
4
36
9
16
78
49
80
88
73
100
6
15
20
55
26
40
46
40
4
40
84
72
5
1
55
92
42
25
52
59
100
69
34
88
63
35
66
93
48
3
28
63
50
17
26
34
55
86
89
24
73
5
21
35
41
9
32
36
70
30
75
26
46
23
19
58
24
57
34
26
74
66
30
87
49
24
34
83
81
85
98
76
58
31
70
52
91
15
88
14
19
87
87
82
23
1
36
22
41
58
49
19
15
84
69
94
49
40
46
82
64
19
98
93
68
55
9
95
76
30
84
18
70
77
14
2
18
21
86
17
56
3
70
21
25
56
30
92
1
63
52
36
30
30
75
52
76
28
33
46
86
91
32
8
35
59
51
10
36
23
94
64
98
47
40
68
95
93
91
18
16
12
48
20
84
92
29
1
74
93
96
75
57
76
82
60
97
61
65
60
27
77
30
86
36
77
26
1
20
65
10
2
87
41
53
3
48
22
55
82
65
56
4
2
45
3
35
44
39
7
65
71
18
82
41
82
36
66
40
93
78
80
58
94
93
82
50
44
38
65
57
7
62
21
52
96
43
31
21
5
12
58
66
27
33
1
1
73
47
77
52
92
76
14
90
26
7
36
33
24
33
66
93
75
37
81
11
70
54
29
78
79
35
56
73
49
91
84
12
8
71
46
56
80
38
20
99
59
1
5
93
60
40
8
43
62
88
78
49
90
33
22
7
47
69
83
45
100
72
69
47
65
32
79
46
47
30
84
31
74
26
30
96
99
37
9
75
58
84
40
64
93
95
84
70
54
40
49
44
96
37
78
29
25
29
9
39
8
77
78
65
100
78
22
65
37
44
39
40
70
14
81
14
92
80
71
13

