# INPUT DATA:

# TEST_1:
1 1 11 9 5 5 7 9 9
7
1 300
1 250
11 400
1 300
7 200
9 400
7 250

# TEST_2:
1 1 2 3 4 5
3
9 1000
10 2000
11 1500

# TEST_3:
1 2 3 4 5 6
6
1 500
2 1000
3 1500
4 2000
5 2500
6 3000

# TEST_4:
1 1 11 9 5 5 11 7 9 9 1 7
12
1 300
1 250
5 9000
9 777
11 400
11 900
1 300
7 200
5 555
9 400
7 250
9 1000

# TEST_5:
1 2 3 4 5 6 7 7 8 9 10
6
1 500
2 1000
3 1500
4 2000
5 2500
6 3000

# TEST_6:
2 2 2 2 2 2 2 2 2
9
2 100
2 100
2 100
2 1000
2 1000
2 1000
2 500
2 500
2 500

# TEST_7:
2 2 2 2 2 2 2 2 2
10
2 100
2 100
2 100
2 1000
2 1000
2 1000
2 500
2 500
2 500
2 1000000

# TEST_8:
2 2 2 2 2 2 2 2 2
7
2 100
2 100
2 100
2 1000
2 1000
2 1000
2 500

# TEST_9:
1 2 3 4 5 6 7 8 9 10 11
5
1 1000
4 2000
8 3000
11 500
10 777

# TEST_10:
1 2 3 4 5 6 7 8 9 10 11
9
1 1000
4 2000
8 3000
11 500
10 777
10 777
10 777
10 777
10 777

